-0.75 0.10 1024 512
5 248 107
128 187 83
208 241 169
227 52 141
197 81 169
74 85 56
49 42 232
96 21 95
188 242 103
11 90 237
222 150 137
254 116 117
36 87 68
136 87 218
222 210 12
6 88 123
175 104 238
224 182 163
37 200 219
229 44 172
64 198 202
240 218 230
110 175 248
121 200 147
187 103 250
122 221 173
247 35 180
204 179 68
69 170 142
147 41 140
76 91 91
11 58 176
132 127 194
2 70 205
77 220 193
109 121 179
247 96 9
229 252 151
128 209 31
108 220 128
161 199 124
123 168 126
165 16 198
179 254 115
92 84 156
69 87 33
231 203 175
108 174 134
244 229 7
121 77 121
202 142 238
234 52 218
176 180 134
179 120 214
26 211 141
200 181 134
87 166 27
165 240 111
6 12 11
190 27 11
170 148 67
71 139 247
214 33 67
91 45 0
128 22 170
209 186 200
19 88 13
189 214 5
55 158 135
139 137 217
50 197 197
65 4 11
67 139 231
188 176 79
183 182 47
246 66 82
3 45 161
56 171 185
170 96 49
129 35 108
102 148 172
196 116 40
250 45 35
178 32 115
96 78 103
52 152 2
169 195 81
180 169 28
93 1 204
138 194 90
96 238 83
53 161 133
222 234 200
10 61 102
25 234 230
112 24 124
81 243 81
170 130 222
232 78 60
93 35 228
74 142 185
19 173 73
121 214 88
69 0 110
232 247 84
215 113 60
21 232 191
159 39 184
108 159 153
35 236 205
82 91 61
179 131 207
184 227 9
217 159 175
137 2 75
161 205 35
179 137 21
29 183 78
12 151 252
189 47 105
36 44 120
253 0 20
131 170 182
112 1 109
236 189 197
115 94 136
251 52 173
247 17 32
180 94 192
53 183 138
127 172 72
212 107 216
159 231 26
16 77 101
217 47 119
140 74 178
72 223 213
49 247 53
187 196 229
84 236 209
207 198 28
43 125 157
38 101 195
254 152 164
76 13 144
223 172 97
241 238 38
132 187 111
90 93 217
173 72 172
152 11 160
223 35 46
213 215 51
66 126 156
174 199 44
174 102 228
118 221 239
150 174 50
116 200 115
162 192 159
33 40 74
32 62 85
177 136 222
154 208 4
87 70 6
12 141 69
109 167 175
230 66 36
199 178 131
169 172 16
173 114 3
77 138 191
103 1 91
123 95 151
14 70 54
71 225 234
92 38 27
19 28 151
46 110 236
172 28 131
182 30 190
86 44 232
152 134 15
126 191 195
239 60 25
86 7 158
10 108 241
169 163 244
150 240 9
64 21 97
226 249 213
83 210 173
244 74 253
135 69 247
155 141 63
220 141 173
188 171 43
130 233 195
221 114 71
148 27 245
91 149 84
115 59 192
128 187 26
244 81 144
191 149 3
136 176 37
123 238 139
70 117 98
102 38 241
233 134 183
201 225 47
227 120 96
164 137 120
112 149 143
96 100 55
73 20 238
171 159 223
59 138 7
203 10 18
202 11 225
202 28 89
53 74 183
55 105 149
61 121 7
75 207 122
67 103 72
212 34 201
120 222 149
5 132 30
70 141 143
88 234 76
207 122 179
168 184 128
80 77 203
57 182 80
27 182 100
231 220 254
65 164 85
109 145 176
73 213 231
149 172 17
12 33 107
106 108 64
84 145 68
211 68 86
194 129 169
71 47 167
95 6 209
18 116 60
144 27 50
251 119 158
207 195 155
162 145 226
178 74 198
140 87 206
40 192 152
172 216 211
126 187 146
129 229 251
213 18 79
125 132 217
145 36 1
174 48 187
246 155 41
68 179 170
114 104 21
177 201 25
131 222 20
81 159 212
77 37 45
103 129 59
244 232 77
233 180 219
241 13 161
27 137 248
194 204 107
122 252 140
29 21 143
46 22 249
243 56 200
7 229 243
58 81 101
49 194 242
166 205 136
117 60 151
118 214 87
29 13 203
172 99 112
101 244 68
190 147 198
132 81 161
102 121 232
114 142 120
158 116 92
110 108 99
24 170 149
56 50 9
82 153 242
208 180 64
128 211 151
146 124 220
73 229 228
129 152 10
96 102 217
106 254 134
78 36 191
147 43 6
202 92 139
42 137 123
196 162 18
212 232 221
45 148 220
6 9 215
204 242 210
113 242 58
198 129 232
233 70 73
131 76 6
170 47 49
28 247 201
54 21 128
176 145 15
136 189 114
144 2 158
147 237 69
215 242 206
54 99 78
29 159 219
159 25 214
37 187 29
203 122 144
240 246 209
214 4 152
139 171 67
224 244 44
186 237 203
15 124 122
30 26 162
187 149 1
98 242 174
235 171 203
116 253 56
80 188 160
6 163 161
75 114 89
130 144 114
2 123 104
187 62 151
250 67 149
108 8 217
53 202 189
83 35 102
171 79 212
103 247 57
42 11 96
62 47 212
11 150 143
145 156 225
111 49 131
204 209 123
16 254 72
73 30 83
179 210 223
77 153 179
52 95 229
92 0 232
214 178 47
192 6 123
170 227 226
16 160 204
38 190 45
227 184 190
6 194 27
41 133 88
202 26 67
238 138 54
41 118 7
8 215 227
225 36 2
35 144 230
203 52 11
94 159 167
44 56 107
190 152 121
81 63 93
212 87 12
129 42 94
80 56 33
146 62 218
104 75 34
71 204 60
244 10 132
150 31 66
207 182 115
14 243 56
137 101 197
165 35 78
76 151 57
98 118 181
190 79 129
153 193 57
131 210 101
79 245 233
94 196 250
141 47 105
140 123 64
221 221 19
100 103 163
220 202 57
190 100 162
180 163 223
106 8 207
130 46 210
175 162 120
112 56 28
207 168 233
6 185 139
194 233 233
60 200 200
186 18 26
190 248 65
22 208 194
155 184 245
106 82 80
129 30 151
126 187 58
190 113 100
21 213 238
249 52 175
229 40 173
83 5 254
100 31 127
242 197 127
225 175 221
86 3 80
111 222 142
153 171 158
166 138 60
190 23 210
81 64 94
131 83 140
221 66 200
215 42 174
120 139 67
237 218 144
51 50 183
209 241 174
156 156 162
53 19 74
133 83 231
161 221 77
11 21 49
63 177 71
124 141 238
153 254 124
52 64 68
59 76 12
109 69 240
250 225 24
43 6 63
221 92 133
14 111 213
214 33 165
33 71 106
112 247 240
155 83 119
238 149 10
219 64 165
199 63 82
166 166 47
3 28 227
226 216 49
134 84 27
143 239 28
100 160 114
148 86 213
170 29 62
7 44 236
85 164 158
236 24 53
171 71 111
163 145 168
172 225 119
137 137 220
93 33 78
153 203 30
77 82 68
1 252 71
250 181 91
31 216 80
134 36 1
184 29 105
213 232 143
64 44 45
166 241 90
214 73 123
99 177 106
114 191 221
212 39 77
184 27 150
224 58 171
130 136 129
50 162 0
164 31 190
62 70 128
97 18 42
218 217 79
196 240 2
32 17 75
176 157 47
123 60 133
123 208 149
